The beginning cost was: 25.421275
The final cost was: -nan
Total number of iterations before arriving at result: 5
The broken down matrix:
 First matrix=
1.573147	1.591764	1.428490	
1.098333	1.108393	1.377893	
0.929806	0.587656	0.969865	
2.216997	2.386347	2.113988	
2.537362	1.958775	2.005897	
1.747018	2.084696	2.180630	
0.687383	0.580723	0.974986	
Second matrix=
0.072508	0.074051	0.038323	0.074742	0.065754	0.082345	0.046505	0.110868	0.119260	0.070840	0.066353	0.068605	0.071245	0.056656	0.041086	0.064332	0.116266	0.042942	0.023695	0.021568	0.038411	0.115731	0.111587	0.046217	0.056317	0.049064	0.030062	0.065723	0.047269	0.052426	0.058741	0.061500	0.047498	0.088955	0.099727	0.105619	0.401623	0.144594	0.120071	0.091235	0.098346	0.084675	0.189845	0.106686	0.113796	0.127361	0.108149	0.120657	0.117849	0.120535	0.147398	0.108172	0.309489	0.332084	0.130755	0.039621	0.068338	-nan	0.116792	0.041645	0.085906	0.066722	0.065471	-nan	0.069222	0.083504	0.119431	0.152715	0.026576	0.030573	0.026968	0.025084	0.027211	0.030923	0.028298	0.029233	0.015730	0.029630	0.027830	0.029501	
0.081194	0.063925	0.043114	0.082599	0.067681	0.068414	0.040301	0.114619	0.123963	0.075199	0.082606	0.079147	0.082243	0.077715	0.050526	0.068753	0.146538	0.051177	0.026285	0.030787	0.055189	0.120984	0.119025	0.045244	0.028703	0.026785	0.017535	0.025615	0.027507	0.032313	0.028227	0.027328	0.031224	0.134043	0.105838	0.117863	0.232064	0.218857	0.100546	0.125721	0.115836	0.140481	0.229714	0.136229	0.095998	0.083465	0.077634	0.083990	0.088681	0.084595	0.072878	0.100111	0.337384	0.283544	0.227531	0.063156	0.111942	-nan	0.129751	0.055941	0.088537	0.118646	0.109522	-nan	0.100262	0.092759	0.205220	0.191833	0.029337	0.022970	0.028811	0.029205	0.021360	0.022669	0.026760	0.026657	0.013159	0.023511	0.021021	0.024164	
0.052683	0.061697	0.034514	0.049400	0.070581	0.054621	0.029376	0.129470	0.111268	0.059406	0.057150	0.058060	0.052945	0.070308	0.058736	0.067234	0.156664	0.055593	0.035203	0.032529	0.056563	0.117983	0.124330	0.058510	0.055711	0.066427	0.031184	0.050605	0.067183	0.054116	0.053892	0.052383	0.061059	0.080280	0.093894	0.077924	0.253454	0.208838	0.078638	0.085176	0.086714	0.078927	0.181735	0.097509	0.080380	0.081810	0.102985	0.086690	0.084329	0.086192	0.076066	0.080847	0.233838	0.264895	0.216010	0.049675	0.090242	-nan	0.173917	0.054373	0.091500	0.085533	0.096309	-nan	0.100878	0.090306	0.221079	0.192409	0.043781	0.048295	0.044066	0.046140	0.055719	0.048278	0.045463	0.044282	0.029161	0.048782	0.055377	0.047916	

